Nodes Generated: 40 (22 open/18 closed)
Path Length: 13

Initial State:
 2 10  3 [] 
 1  6  8  4 
 5  9  7 12 
13 14 11 15 

Down
 2 10  3  4 
 1  6  8 [] 
 5  9  7 12 
13 14 11 15 

Left
 2 10  3  4 
 1  6 []  8 
 5  9  7 12 
13 14 11 15 

Left
 2 10  3  4 
 1 []  6  8 
 5  9  7 12 
13 14 11 15 

Up
 2 []  3  4 
 1 10  6  8 
 5  9  7 12 
13 14 11 15 

Left
[]  2  3  4 
 1 10  6  8 
 5  9  7 12 
13 14 11 15 

Down
 1  2  3  4 
[] 10  6  8 
 5  9  7 12 
13 14 11 15 

Down
 1  2  3  4 
 5 10  6  8 
[]  9  7 12 
13 14 11 15 

Right
 1  2  3  4 
 5 10  6  8 
 9 []  7 12 
13 14 11 15 

Up
 1  2  3  4 
 5 []  6  8 
 9 10  7 12 
13 14 11 15 

Right
 1  2  3  4 
 5  6 []  8 
 9 10  7 12 
13 14 11 15 

Down
 1  2  3  4 
 5  6  7  8 
 9 10 [] 12 
13 14 11 15 

Down
 1  2  3  4 
 5  6  7  8 
 9 10 11 12 
13 14 [] 15 

Right
 1  2  3  4 
 5  6  7  8 
 9 10 11 12 
13 14 15 [] 


Nodes Generated: 701 (363 open/338 closed)
Path Length: 32

Initial State:
 2 11  3 10 
 1  9  4 [] 
 6 13  7  8 
 5 14 15 12 

Left
 2 11  3 10 
 1  9 []  4 
 6 13  7  8 
 5 14 15 12 

Down
 2 11  3 10 
 1  9  7  4 
 6 13 []  8 
 5 14 15 12 

Down
 2 11  3 10 
 1  9  7  4 
 6 13 15  8 
 5 14 [] 12 

Left
 2 11  3 10 
 1  9  7  4 
 6 13 15  8 
 5 [] 14 12 

Up
 2 11  3 10 
 1  9  7  4 
 6 [] 15  8 
 5 13 14 12 

Left
 2 11  3 10 
 1  9  7  4 
[]  6 15  8 
 5 13 14 12 

Down
 2 11  3 10 
 1  9  7  4 
 5  6 15  8 
[] 13 14 12 

Right
 2 11  3 10 
 1  9  7  4 
 5  6 15  8 
13 [] 14 12 

Right
 2 11  3 10 
 1  9  7  4 
 5  6 15  8 
13 14 [] 12 

Up
 2 11  3 10 
 1  9  7  4 
 5  6 []  8 
13 14 15 12 

Left
 2 11  3 10 
 1  9  7  4 
 5 []  6  8 
13 14 15 12 

Up
 2 11  3 10 
 1 []  7  4 
 5  9  6  8 
13 14 15 12 

Up
 2 []  3 10 
 1 11  7  4 
 5  9  6  8 
13 14 15 12 

Right
 2  3 [] 10 
 1 11  7  4 
 5  9  6  8 
13 14 15 12 

Right
 2  3 10 [] 
 1 11  7  4 
 5  9  6  8 
13 14 15 12 

Down
 2  3 10  4 
 1 11  7 [] 
 5  9  6  8 
13 14 15 12 

Left
 2  3 10  4 
 1 11 []  7 
 5  9  6  8 
13 14 15 12 

Up
 2  3 []  4 
 1 11 10  7 
 5  9  6  8 
13 14 15 12 

Left
 2 []  3  4 
 1 11 10  7 
 5  9  6  8 
13 14 15 12 

Left
[]  2  3  4 
 1 11 10  7 
 5  9  6  8 
13 14 15 12 

Down
 1  2  3  4 
[] 11 10  7 
 5  9  6  8 
13 14 15 12 

Down
 1  2  3  4 
 5 11 10  7 
[]  9  6  8 
13 14 15 12 

Right
 1  2  3  4 
 5 11 10  7 
 9 []  6  8 
13 14 15 12 

Right
 1  2  3  4 
 5 11 10  7 
 9  6 []  8 
13 14 15 12 

Up
 1  2  3  4 
 5 11 []  7 
 9  6 10  8 
13 14 15 12 

Left
 1  2  3  4 
 5 [] 11  7 
 9  6 10  8 
13 14 15 12 

Down
 1  2  3  4 
 5  6 11  7 
 9 [] 10  8 
13 14 15 12 

Right
 1  2  3  4 
 5  6 11  7 
 9 10 []  8 
13 14 15 12 

Up
 1  2  3  4 
 5  6 []  7 
 9 10 11  8 
13 14 15 12 

Right
 1  2  3  4 
 5  6  7 [] 
 9 10 11  8 
13 14 15 12 

Down
 1  2  3  4 
 5  6  7  8 
 9 10 11 [] 
13 14 15 12 

Down
 1  2  3  4 
 5  6  7  8 
 9 10 11 12 
13 14 15 [] 


Nodes Generated: 959214 (457432 open/501782 closed)
Path Length: 67

Initial State:
 4  3  2  1 
 8  7  6  5 
12 11 10  9 
[] 14 15 13 

Right
 4  3  2  1 
 8  7  6  5 
12 11 10  9 
14 [] 15 13 

Up
 4  3  2  1 
 8  7  6  5 
12 [] 10  9 
14 11 15 13 

Right
 4  3  2  1 
 8  7  6  5 
12 10 []  9 
14 11 15 13 

Right
 4  3  2  1 
 8  7  6  5 
12 10  9 [] 
14 11 15 13 

Down
 4  3  2  1 
 8  7  6  5 
12 10  9 13 
14 11 15 [] 

Left
 4  3  2  1 
 8  7  6  5 
12 10  9 13 
14 11 [] 15 

Left
 4  3  2  1 
 8  7  6  5 
12 10  9 13 
14 [] 11 15 

Up
 4  3  2  1 
 8  7  6  5 
12 []  9 13 
14 10 11 15 

Right
 4  3  2  1 
 8  7  6  5 
12  9 [] 13 
14 10 11 15 

Right
 4  3  2  1 
 8  7  6  5 
12  9 13 [] 
14 10 11 15 

Up
 4  3  2  1 
 8  7  6 [] 
12  9 13  5 
14 10 11 15 

Left
 4  3  2  1 
 8  7 []  6 
12  9 13  5 
14 10 11 15 

Left
 4  3  2  1 
 8 []  7  6 
12  9 13  5 
14 10 11 15 

Left
 4  3  2  1 
[]  8  7  6 
12  9 13  5 
14 10 11 15 

Down
 4  3  2  1 
12  8  7  6 
[]  9 13  5 
14 10 11 15 

Right
 4  3  2  1 
12  8  7  6 
 9 [] 13  5 
14 10 11 15 

Right
 4  3  2  1 
12  8  7  6 
 9 13 []  5 
14 10 11 15 

Right
 4  3  2  1 
12  8  7  6 
 9 13  5 [] 
14 10 11 15 

Up
 4  3  2  1 
12  8  7 [] 
 9 13  5  6 
14 10 11 15 

Left
 4  3  2  1 
12  8 []  7 
 9 13  5  6 
14 10 11 15 

Left
 4  3  2  1 
12 []  8  7 
 9 13  5  6 
14 10 11 15 

Up
 4 []  2  1 
12  3  8  7 
 9 13  5  6 
14 10 11 15 

Right
 4  2 []  1 
12  3  8  7 
 9 13  5  6 
14 10 11 15 

Right
 4  2  1 [] 
12  3  8  7 
 9 13  5  6 
14 10 11 15 

Down
 4  2  1  7 
12  3  8 [] 
 9 13  5  6 
14 10 11 15 

Left
 4  2  1  7 
12  3 []  8 
 9 13  5  6 
14 10 11 15 

Left
 4  2  1  7 
12 []  3  8 
 9 13  5  6 
14 10 11 15 

Left
 4  2  1  7 
[] 12  3  8 
 9 13  5  6 
14 10 11 15 

Down
 4  2  1  7 
 9 12  3  8 
[] 13  5  6 
14 10 11 15 

Right
 4  2  1  7 
 9 12  3  8 
13 []  5  6 
14 10 11 15 

Up
 4  2  1  7 
 9 []  3  8 
13 12  5  6 
14 10 11 15 

Up
 4 []  1  7 
 9  2  3  8 
13 12  5  6 
14 10 11 15 

Right
 4  1 []  7 
 9  2  3  8 
13 12  5  6 
14 10 11 15 

Down
 4  1  3  7 
 9  2 []  8 
13 12  5  6 
14 10 11 15 

Down
 4  1  3  7 
 9  2  5  8 
13 12 []  6 
14 10 11 15 

Left
 4  1  3  7 
 9  2  5  8 
13 [] 12  6 
14 10 11 15 

Down
 4  1  3  7 
 9  2  5  8 
13 10 12  6 
14 [] 11 15 

Left
 4  1  3  7 
 9  2  5  8 
13 10 12  6 
[] 14 11 15 

Up
 4  1  3  7 
 9  2  5  8 
[] 10 12  6 
13 14 11 15 

Up
 4  1  3  7 
[]  2  5  8 
 9 10 12  6 
13 14 11 15 

Right
 4  1  3  7 
 2 []  5  8 
 9 10 12  6 
13 14 11 15 

Up
 4 []  3  7 
 2  1  5  8 
 9 10 12  6 
13 14 11 15 

Left
[]  4  3  7 
 2  1  5  8 
 9 10 12  6 
13 14 11 15 

Down
 2  4  3  7 
[]  1  5  8 
 9 10 12  6 
13 14 11 15 

Right
 2  4  3  7 
 1 []  5  8 
 9 10 12  6 
13 14 11 15 

Right
 2  4  3  7 
 1  5 []  8 
 9 10 12  6 
13 14 11 15 

Up
 2  4 []  7 
 1  5  3  8 
 9 10 12  6 
13 14 11 15 

Left
 2 []  4  7 
 1  5  3  8 
 9 10 12  6 
13 14 11 15 

Left
[]  2  4  7 
 1  5  3  8 
 9 10 12  6 
13 14 11 15 

Down
 1  2  4  7 
[]  5  3  8 
 9 10 12  6 
13 14 11 15 

Right
 1  2  4  7 
 5 []  3  8 
 9 10 12  6 
13 14 11 15 

Down
 1  2  4  7 
 5 10  3  8 
 9 [] 12  6 
13 14 11 15 

Right
 1  2  4  7 
 5 10  3  8 
 9 12 []  6 
13 14 11 15 

Right
 1  2  4  7 
 5 10  3  8 
 9 12  6 [] 
13 14 11 15 

Up
 1  2  4  7 
 5 10  3 [] 
 9 12  6  8 
13 14 11 15 

Up
 1  2  4 [] 
 5 10  3  7 
 9 12  6  8 
13 14 11 15 

Left
 1  2 []  4 
 5 10  3  7 
 9 12  6  8 
13 14 11 15 

Down
 1  2  3  4 
 5 10 []  7 
 9 12  6  8 
13 14 11 15 

Down
 1  2  3  4 
 5 10  6  7 
 9 12 []  8 
13 14 11 15 

Left
 1  2  3  4 
 5 10  6  7 
 9 [] 12  8 
13 14 11 15 

Up
 1  2  3  4 
 5 []  6  7 
 9 10 12  8 
13 14 11 15 

Right
 1  2  3  4 
 5  6 []  7 
 9 10 12  8 
13 14 11 15 

Right
 1  2  3  4 
 5  6  7 [] 
 9 10 12  8 
13 14 11 15 

Down
 1  2  3  4 
 5  6  7  8 
 9 10 12 [] 
13 14 11 15 

Left
 1  2  3  4 
 5  6  7  8 
 9 10 [] 12 
13 14 11 15 

Down
 1  2  3  4 
 5  6  7  8 
 9 10 11 12 
13 14 [] 15 

Right
 1  2  3  4 
 5  6  7  8 
 9 10 11 12 
13 14 15 [] 


